375355
371236
364593
369289
374726
363064
364025
373188
362559
365515
363081
368640
371162
371489
363302
373264
374137
361606
362175
374638
374897
371533
360635
371183
360578
371651
372818
373635
362357
371963
372687
370269
372814
374640
360805
372281
362467
361425
362094
370303
374263
362131
362543
360597
361594
363141
369137
373871
368778
374971
360720
362591
362770
373426
362472
368693
363656
364256
368382
362266
369531
361298
373830
373868
362258
369029
360626
371645
373843
369716
370347
369517
369509
372220
369127
369497
371005
371539
372207
360924
370993
373906
373021
373221
363534
362957
372525
369435
360869
363421
364204
360681
368803
360775
369244
368407
362212
371295
369448
368970
371455
370025
371903
369275
370745
360773
362699
373233
364035
368918
360642
374684
360694
373802
374204
363110
371448
371601
366575
375390
360800
362556
363091
369549
369897
371670
370970
371502
360687
363185
372825
374470
373103
373104
363225
361072
370370
370653
375621
362711
369491
373687
370198
373260
371825
371827
360770
373118
363355
372011
363387
369151
370333
370523
371332
373568
374127
373059
371312
360902
371097
363234
361226
364708
370388
371057
360755
362208
363334
371305
363067
370282
372404
371029
369924
373160
372007
371119
373149
362011
363261
369436
363276
368808
372258
360686
371101
374805
372529
371462
373026
370022
370916
372994
371815
369672
372027
363194
372828
372938
368573
366790
369031
372443
370470
363104
360753
362669
371008
374491
368238
371765
371611
373611
371311
363007
372252
373731
363012
363016
363093
364975
372435
372759
360584
360704
363272
370361
363327
364202
372487
367946
370917
363017
371024
363337
363047
369505
372302
373879
368332
360699
362148
370651
360618
369739
364201
365051
360763
372015
361113
373089
369230
363663
360581
370696
360780
364158
368000
368623
370986
372615
371425
371027
371092
371531
363190
371034
369257
363009
362989
373214
372739
372750
364223
362058
369723
360759
374919
363187
369208
363273
368714
373685
364976
373500
371760
372276
373153
369950
372856
372688
360588
370029
373236
372845
373529
371695
362670
364170
362293
367290
370605
360736
361776
368820
373449
362229
363039
364022
373319
368784
360756
371376
362064
360685
363537
363362
370168
368658
368370
360786
360596
370924
372503
372048
362597
360768
371209
371797
368660
370484
369360
373943
370817
374648
362964
375139
364168
372977
370833
372742
371267
362816
374366
371447
363201
360675
362946
362928
374724
362984
372824
363330
371741
360712
363049
373268
373424
364468
363252
364361
360661
372685
374670
362302
362476
371500
369276
373086
360821
362291
373251
370630
372111
363145
363611
364552
360792
369434
360748
367636
362845
371537
363299
369226
374939
367266
373614
372181
373702
366983
363514
362398
371532
360703
372078
363099
374884
361434
375354
371786
372554
374626
360700
370629
370652
365220
362704
373610
362261
370995
373083
371314
362987
364165
370479
360679
366166
371547
364908
360630
371488
371120
360649
372456
360662
371309
371150
373654
369277
360624
369023
372613
372840
374968
364570
371125
371007
362031
371546
374121
369595
360715
363303
362260
371694
369641
371160
363066
362965
368815
373231
369246
372583
374627
371457
374928
373132
360641
375472
367620
375573
360678
363297
368386
368894
360639
370888
362040
367351
371335
362767
371416
373271
368550
374715
362259
367775
373146
361157
372594
372585
370927
360590
370004
369303
360743
367341
360629
373116
362644
360750
366407
362463
371691
360632
373060
360612
362210
362923
371208
369299
363318
363174
360619
372039
361120
370153
361390
372105
364601
369908
369729
364162
374381
373055
368914
369219
366934
374803
370023
360697
374197
362610
363254
369560
373764
372013
372332
362304
369514
369678
372631
360745
362566
372410
363173
372124
363316
360696
368969
364972
362389
372661
370648
364850
372238
372662
364285
372970
365224
370473
373119
369449
373281
370735
372633
370326
362703
363243
369115
370703
371344
369989
375134
360668
374947
373812
363333
363237
369028
360623
364802
374676
374976
360762
362534
369447
362501
374189
362594
369648
373673
370641
371890
360760
363129
368423
372172
368679
363236
371906
374080
363473
360586
363068
368628
371956
366462
360609
363300
368983
374881
370752
363332
371929
360671
361383
370700
372972
371340
371799
371806
363053
369089
363359
370886
373826
371446
369722
371406
363305
368966
360783
369013
373355
362650
373223
360654
362450
373655
363015
370300
368703
362049
369178
372038
368870
362218
371433
367209
363202
372906
362143
373095
362524
368787
369994
370998
361793
368849
373390
375000
362464
362287
373709
362390
362921
374873
372428
368981
363497
372743
373461
360680
371777
375400
374460
362407
370210
367044
362449
363000
368884
370007
362129
370325
363198
369222
371492
363189
368338
368299
360611
362385
371341
373808
363412
372952
363220
370387
362695
370943
371944
362620
372736
373567
369007
361186
371690
362419
372261
369610
369204
362999
371439
371060
365744
370683
368682
360789
362421
363516
372022
372981
361413
370816
360742
362178
368848
360705
371137
364153
375401
361417
363448
372612
362537
363031
371482
360660
360664
372375
372978
373892
369858
362596
369445
368733
368875
369707
370061
362296
367622
371792
368777
370113
372781
363170
360595
372596
371015
362425
360880
370827
369913
362535
375276
371657
362995
363269
370667
367235
369142
360692
361595
362761
363720
363755
362997
371671
368522
369182
361110
360622
367617
375607
373222
363095
371089
374642
371328
360627
370514
363597
372918
362065
368832
363209
363471
368595
370877
360613
369014
370665
370971
369558
360631
374354
360605
360621
371301
372331
362894
371469
371473
360790
368789
371003
368673
369574
370977
369564
374256
362625
363398
374468
360708
370692
368295
374882
372884
373728
370073
373849
362985
372301
364163
360735
370689
371910
368624
363148
360701
369428
369125
362207
373584
364155
368426
373279
373004
372455
360663
362276
363373
362637
363361
370666
372348
369573
370751
363070
370522
370249
368923
370196
371826
375025
365472
373259
374610
373253
362838
371088
369651
360774
370169
362077
371692
360754
374938
374992
363051
363128
372356
367366
373842
360864
363394
370000
360729
371441
374088
360593
371909
360575
371345
369687
373144
368300
369466
363239
363336
371551
372125
360858
363390
368150
373207
372288
368585
364749
369119
360690
368736
362397
372975
363350
372343
360808
371423
369301
360652
371009
360728
363103
372592
371660
370894
364430
363331
372865
373423
373839
369252
373898
374704
372254
374261
363208
360658
362068
370334
371121
361225
369999
370109
371638
371588
362790
363538
374991
374098
362967
369515
367618
369009
373796
369907
370698
373282
363253
373265
370011
363329
362078
374471
369543
374310
372819
363076
369997
363186
369177
370005
360689
368730
373562
371822
371587
360640
368699
360744
364892
370045
369563
370155
371307
362057
372609
372976
363365
370850
370872
369877
370831
362641
371612
372782
363002
373024
360797
374099
373063
371378
372298
370519
372486
362663
368591
372462
363357
371316
360607
372054
370674
371681
360725
373360
362492
363395
360809
371006
372692
373795
369117
371228
362961
373887
371256
363657
369032
371398
369148
373566
360757
362303
375617
360733
371414
360579
363123
362059
371493
369920
361514
372953
374846
360599
369859
371202
360706
360793
362387
373393
375138
363102
366044
368642
373245
371595
363182
368383
371171
370647
360707
373117
372983
369986
362024
371399
371055
372783
372830
364659
371550
372113
362958
374463
370640
371555
369349
371318
371829
373261
362188
370963
360767
373022
375606
368646
372121
365240
363301
363450
372299
370858
360795
370312
372328
360594
367323
370670
361416
370087
363188
370360
373241
362930
373691
371538
371431
374622
362310
373711
362820
372481
360779
375570
371444
361599
371440
371597
374849
360752
361084
373325
371389
360601
363298
370960
367291
371275
372040
371329
362507
366205
364719
369138
373753
362980
369634
362060
373396
374308
372483
363160
368845
363384
360737
369195
372014
362963
362854
363428
369200
362399
371712
368897
360617
372065
361322
374822
373899
363048
372760
360659
363142
370205
372314
363400
373262
370180
360738
370942
362012
364274
363378
369140
373553
371677
363414
362526
372143
362960
369536
368565
369510
373256
367361
372913
375044
365518
368663
372116
369951
375627
370956
363293
375497
373634
374876
368544
370121
363062
363197
363495
374459
362630
370899
371333
369861
360698
368949
369835
360764
363098
362684
368580
370649
370193
373872
372237
369441
369611
373064
360785
365080
370934
362020
363133
369978
371336
371602
371774
374998
362577
371346
360766
363107
373462
363426
371794
371163
363396
373290
374089
362017
371830
374059
360772
371772
371138
363338
373014
368427
373422
370876
362910
373491
364172
362262
368739
372334
373708
363135
375471
369987
360620
363199
362474
368131
373254
372142
375037
362283
366870
372458
360906
371128
361259
372245
363204
363286
360643
363419
368700
362705
371524
371427
362612
360657
371188
371723
371564
362901
360726
360646
361601
372253
360656
368804
373025
375397
367757
370892
366461
367369
370753
369021
362777
360975
372069
363180
362493
371505
362666
372629
373784
369995
362712
371938
374847
363270
360591
363321
373739
366257
361108
371674
374828
362667
371022
362189
370863
362545
365238
362774
374461
363399
371261
371158
371647
362239
371369
360682
361412
373847
374677
368908
370997
363211
363422
364200
374504
374781
361604
374818
372136
371347
374646
367404
363181
363248
371553
362900
362174
374458
373226
370848
360655
360747
375496
373639
360589
360810
370114
372012
372447
369330
372848
363486
368626
362228
370664
362653
370237
362574
371437
372150
373048
362956
371072
372595
370954
360854
370758
373255
371603
374192
371182
371421
373266
372165
364198
360796
371059
373858
360803
372949
369251
360587
373036
361047
369506
361228
374999
363027
360722
372145
362273
369211
375583
371235
372273
360719
372737
369727
369248
367265
368737
372242
374245
363358
371883
372115
362702
373888
370483
373738
373799
362846
362819
371204
362468
368665
369423
368867
370778
375490
370006
372047
373766
362544
374188
371717
372075
363082
360709
375389
369121
363178
364036
369139
363360
363540
363003
373606
371432
373346
360734
373121
369187
369030
370996
371761
371803
361107
369983
374454
369249
372839
366263
371485
372860
371252
372305
370900
371911
360598
373623
373363
372521
362944
363408
370336
368779
360695
362807
362911
372855
370018
374472
360751
373521
371810
375417
374244
373100
371310
370774
363055
370763
360710
374503
371122
363029
370512
373677
364192
373392
364156
372196
372476
363242
374878
361083
370846
363147
370940
363335
362576
369221
368502
371800
362225
361524
362847
368713
363560
362744
374254
362742
372464
372287
369483
371880
369256
362552
371978
371767
372820
362477
371338
360769
371554
371545
373087
362966
372492
361368
370474
371313
362075
372330
370773
369991
370028
363063
364023
371195
362929
363086
370243
362624
369135
373125
360606
362843
360651
362085
371315
362019
371821
360771
363205
368805
375275
365179
360861
364458
373037
373818
369118
368701
362862
360614
367211
375581
374955
360633
362623
367268
361136
368405
371334
371401
360576
362718
363121
371102
372854
360638
363417
369027
372490
371319
363379
374410
369949
362685
370609
370197
371631
363375
362384
369977
371940
364190
369717
372690
370980
368588
369212
368419
363100
361414
371790
363374
371608
374329
374113
377480
371491
369141
360592
371795
363179
363409
369520
363356
373715
371718
372044
373213
360670
371549
369387
372153
363046
368622
363116
370655
369090
371225
374850
363282
372130
369547
374942
368608
372148
372945
374819
369516
372082
371710
360787
361016
372664
373627
373680
369535
363026
371109
360645
362600
370935
371796
363228
363214
364151
368647
373496
369197
371151
371474
362570
370530
371286
371375
373852
363241
370654
373304
363032
363004
373730
360673
370021
372420
371127
373247
371397
360650
360746
362469
362622
373693
369909
360604
363105
360794
362628
370668
369503
368493
363203
373370
368827
363140
372999
372070
373234
360672
360683
370679
374693
371317
370812
362105
370071
362978
360828
363855
368391
374953
368116
360806
363217
371967
365187
371552
363258
372077
362959
368421
373058
363278
364912
370678
360799
363013
371548
368517
371566
362601
371998
370839
373855
369271
372052
374682
360807
368619
373242
364619
363033
371451
372335
374120
374467
363036
362922
360716
368318
371962
374836
375009
370162
374619
363397
370761
370836
362687
374680
362321
371699
373147
374209
374100
372453
373074
362573
363114
371960
371592
363515
362686
364102
364661
363246
363763
368674
374702
371863
368704
374584
363292
360637
373922
362541
370635
369854
371784
362701
372993
369175
371766
372683
372787
362975
372110
370838
370945
363162
370982
369747
370140
373877
371257
370625
360647
360676
370516
371481
370861
362214
366081
371613
368722
371655
374686
360788
363222
371176
371420
360721
362442
372240
362411
363267
373861
373102
371126
373176
374890
362988
373000
371436
372584
361071
360674
375398
370895
372954
371304
373027
371191
373047
373152
370849
371458
374255
363010
370013
372973
371494
361415
371412
362402
362977
362241
369586
375095
373876
369916
370710
364164
372898
362542
372472
360782
369571
371656
374505
372042
373537
360765
370245
360691
371644
370628
371226
373835
360798
372171
370039
363366
373841
374079
362423
363161
371714
371805
369022
362837
369332
368833
368727
370711
371804
372656
364571
372506
362785
373684
362109
374941
373778
363749
362289
363238
371339
370952
370875
362869
363363
363030
364193
368374
363257
363271
363072
373540
363402
368796
373138
364982
370979
362092
373785
369036
363367
367034
371624
370819
369098
360582
374224
371543
372053
373848
369241